2013 11 3 06 5.8 157.2 1004 0 2 Image Chart
2013 11 3 12 6.1 155.5 1008 0 2 Image Chart
2013 11 3 18 6.1 153.3 1004 0 2 Image Chart
2013 11 4 00 6.1 152.2 1002 35 3 Image Chart
2013 11 4 06 6.2 150.4 1000 35 3 Image Chart
2013 11 4 12 6.3 148.8 998 40 3 Image Chart
2013 11 4 18 6.5 147.2 992 45 3 Image Chart
2013 11 5 00 6.5 145.9 985 55 4 Image Chart
2013 11 5 06 6.5 144.6 980 60 4 Image Chart
2013 11 5 12 6.9 142.9 975 65 5 Image Chart
2013 11 5 18 7.1 141.3 965 75 5 Image Chart
2013 11 6 00 7.3 139.7 950 85 5 Image Chart
2013 11 6 06 7.6 138.0 930 95 5 Image Chart
2013 11 6 12 7.9 136.2 920 105 5 Image Chart
2013 11 6 18 8.2 134.4 905 115 5 Image Chart
2013 11 7 00 8.7 132.8 905 115 5 Image Chart
2013 11 7 06 9.3 131.1 905 115 5 Image Chart
2013 11 7 12 10.2 129.1 895 125 5 Image Chart
2013 11 7 18 10.6 126.9 895 125 5 Image Chart
2013 11 8 00 11.0 124.8 910 110 5 Image Chart
2013 11 8 06 11.4 122.5 940 90 5 Image Chart
2013 11 8 12 11.9 120.5 940 90 5 Image Chart
2013 11 8 18 12.2 118.0 940 90 5 Image Chart
2013 11 9 00 12.3 116.6 940 90 5 Image Chart
2013 11 9 06 13.5 114.8 940 90 5 Image Chart
2013 11 9 12 14.4 113.1 945 85 5 Image Chart
2013 11 9 18 15.4 111.4 950 80 5 Image Chart
2013 11 10 00 16.5 110.3 955 75 5 Image Chart
2013 11 10 06 17.9 109.0 960 70 5 Image Chart
2013 11 10 12 19.4 108.0 965 65 5 Image Chart
2013 11 10 18 20.4 107.5 975 60 4 Image Chart
2013 11 11 00 21.5 107.1 990 40 3 Image Chart
2013 11 11 06 22.4 107.7 1004 0 2 Image Chart